8.540944335937500000e+03
8.541143554687500000e+03
8.541343750000000000e+03
8.541494140625000000e+03
8.541643554687500000e+03
8.541744140625000000e+03
8.541843750000000000e+03
8.541893554687500000e+03
8.541944335937500000e+03
8.541994140625000000e+03
8.542043945312500000e+03
8.542093750000000000e+03
8.542119140625000000e+03
8.542143554687500000e+03
8.542168945312500000e+03
8.542194335937500000e+03
8.542244140625000000e+03
8.542293945312500000e+03
8.542343750000000000e+03
8.542393554687500000e+03
8.542444335937500000e+03
8.542543945312500000e+03
8.542643554687500000e+03
8.542793945312500000e+03
8.542944335937500000e+03
8.543143554687500000e+03
8.543343750000000000e+03
